0.1178
0.1995
0.1406
0.216637
0.1957
0.095
0.2451
0.178445
0.18449
0.2185
0.107329
0.2185
0.161496
0.1482
0.2546
0.178224
0.2033
0.0158476
0.2128
0.2109
0.2356
0.2109
0.172911
0.1957
0.167363
0.132639
0.2109
0.151613
0.190685
0.0949713
0.12369
0.163494
0.163834
0.16359
0.125674
0.2166
0.1691
0.1672
0.1805
0.1786
0.1292
0.12179
0.2223
0.12403
0.10659
0.1349
0.185457
0.0624756
0.0157168
0.126947
0.0970902
0.1159
0.1691
0.0955846
0.06859
0.0611771
0.210897
0.08949
0.2394
0.1577
0.243635
0.1444
0.2014
0.1976
0.204141
0.1463
0.199191
0.120035
0.19782
0.137163
0.153397
0.158015
0.1919
0.2223
0.1957
0.2318
0.1615
0.211373
0.1919
0.247
0.1558
0.132372
0.1425
0.19
0.177601
0.0820122
0.1862
0.0971729
0.1843
0.2071
0.1501
0.181969
0.198992
0.1501
0.1577
0.07809
0.209
0.0845728
0.0951748
0.1482